%YAML:1.0
cameraMatrix: !!opencv-matrix
   rows: 3
   cols: 3
   dt: d
   data: [ 2.2107831376165886e+03, 0., 9.5880939089626099e+02, 0.,
       2.2160969603266017e+03, 5.4204683014798775e+02, 0., 0., 1. ]
imageSize_width: 1920
imageSize_height: 1080
sensorSize_width: 0
sensorSize_height: 0
distCoeffs: !!opencv-matrix
   rows: 5
   cols: 1
   dt: d
   data: [ -3.8492805764240134e-02, 2.3756690347553547e-01,
       2.8424076137746238e-04, -3.9811897617009694e-04,
       3.2384986812934269e-01 ]
reprojectionError: 2.3827220499515533e-01
features:
   - { points:[ 1.5554620361328125e+02, 6.0475195312500000e+02,
       2.3258042907714844e+02, 6.0696557617187500e+02,
       3.0951220703125000e+02, 6.0906774902343750e+02,
       3.8633041381835938e+02, 6.1140161132812500e+02,
       4.6376113891601562e+02, 6.1345056152343750e+02,
       5.4145599365234375e+02, 6.1593817138671875e+02,
       6.1923950195312500e+02, 6.1817083740234375e+02,
       6.9756958007812500e+02, 6.2055200195312500e+02,
       7.7603894042968750e+02, 6.2280908203125000e+02,
       8.5500396728515625e+02, 6.2529553222656250e+02,
       1.7070016479492188e+02, 6.6915692138671875e+02,
       2.4627146911621094e+02, 6.7145556640625000e+02,
       3.2186685180664062e+02, 6.7350762939453125e+02,
       3.9737020874023438e+02, 6.7607531738281250e+02,
       4.7335513305664062e+02, 6.7834979248046875e+02,
       5.4970849609375000e+02, 6.8054754638671875e+02,
       6.2580926513671875e+02, 6.8315222167968750e+02,
       7.0275238037109375e+02, 6.8561248779296875e+02,
       7.8008715820312500e+02, 6.8790252685546875e+02,
       8.5721691894531250e+02, 6.9050903320312500e+02,
       1.8533491516113281e+02, 7.3125097656250000e+02,
       2.5952404785156250e+02, 7.3334082031250000e+02,
       3.3374795532226562e+02, 7.3561853027343750e+02,
       4.0809707641601562e+02, 7.3811700439453125e+02,
       4.8255419921875000e+02, 7.4035479736328125e+02,
       5.5766656494140625e+02, 7.4285253906250000e+02,
       6.3245733642578125e+02, 7.4537951660156250e+02,
       7.0794683837890625e+02, 7.4764984130859375e+02,
       7.8377966308593750e+02, 7.5028491210937500e+02,
       8.5964282226562500e+02, 7.5280786132812500e+02,
       1.9939913940429688e+02, 7.9068762207031250e+02,
       2.7232537841796875e+02, 7.9292706298828125e+02,
       3.4551177978515625e+02, 7.9520971679687500e+02,
       4.1832641601562500e+02, 7.9771337890625000e+02,
       4.9143716430664062e+02, 8.0011029052734375e+02,
       5.6537298583984375e+02, 8.0265405273437500e+02,
       6.3896337890625000e+02, 8.0531555175781250e+02,
       7.1290246582031250e+02, 8.0772698974609375e+02,
       7.8744293212890625e+02, 8.1050439453125000e+02,
       8.6186541748046875e+02, 8.1294989013671875e+02,
       2.1295852661132812e+02, 8.4839916992187500e+02,
       2.8471701049804688e+02, 8.5042803955078125e+02,
       3.5653439331054688e+02, 8.5276531982421875e+02,
       4.2818267822265625e+02, 8.5539196777343750e+02,
       5.0032495117187500e+02, 8.5793188476562500e+02,
       5.7269201660156250e+02, 8.6062622070312500e+02,
       6.4486273193359375e+02, 8.6313006591796875e+02,
       7.1787060546875000e+02, 8.6566772460937500e+02,
       7.9104968261718750e+02, 8.6844183349609375e+02,
       8.6420880126953125e+02, 8.7076861572265625e+02,
       2.2588806152343750e+02, 9.0406201171875000e+02,
       2.9655209350585938e+02, 9.0621081542968750e+02,
       3.6712985229492188e+02, 9.0850646972656250e+02,
       4.3760220336914062e+02, 9.1088360595703125e+02,
       5.0853619384765625e+02, 9.1362896728515625e+02,
       5.7973718261718750e+02, 9.1627514648437500e+02,
       6.5095275878906250e+02, 9.1900567626953125e+02,
       7.2240283203125000e+02, 9.2147418212890625e+02,
       7.9438769531250000e+02, 9.2413354492187500e+02,
       8.6634796142578125e+02, 9.2672351074218750e+02,
       2.3857473754882812e+02, 9.5793218994140625e+02,
       3.0807897949218750e+02, 9.6023345947265625e+02,
       3.7759817504882812e+02, 9.6245831298828125e+02,
       4.4689080810546875e+02, 9.6510534667968750e+02,
       5.1664135742187500e+02, 9.6782916259765625e+02,
       5.8675268554687500e+02, 9.7040295410156250e+02,
       6.5669909667968750e+02, 9.7301354980468750e+02,
       7.2708770751953125e+02, 9.7544342041015625e+02,
       7.9777081298828125e+02, 9.7821142578125000e+02,
       8.6853240966796875e+02, 9.8133502197265625e+02 ] }
   - { points:[ 1.2315045166015625e+03, 8.3215612792968750e+02,
       1.1615545654296875e+03, 8.4684277343750000e+02,
       1.0917106933593750e+03, 8.6165679931640625e+02,
       1.0221323852539062e+03, 8.7621533203125000e+02,
       9.5192907714843750e+02, 8.9113861083984375e+02,
       8.8177618408203125e+02, 9.0563739013671875e+02,
       8.1171392822265625e+02, 9.2032751464843750e+02,
       7.4144995117187500e+02, 9.3511407470703125e+02,
       6.7103918457031250e+02, 9.4980871582031250e+02,
       6.0051403808593750e+02, 9.6457458496093750e+02,
       1.2194067382812500e+03, 7.6491607666015625e+02,
       1.1491192626953125e+03, 7.7973553466796875e+02,
       1.0786945800781250e+03, 7.9453674316406250e+02,
       1.0084206542968750e+03, 8.0895989990234375e+02,
       9.3800006103515625e+02, 8.2402368164062500e+02,
       8.6719274902343750e+02, 8.3868493652343750e+02,
       7.9662371826171875e+02, 8.5344104003906250e+02,
       7.2590802001953125e+02, 8.6802770996093750e+02,
       6.5483459472656250e+02, 8.8281549072265625e+02,
       5.8435552978515625e+02, 8.9778790283203125e+02,
       1.2072215576171875e+03, 6.9704962158203125e+02,
       1.1364110107421875e+03, 7.1175762939453125e+02,
       1.0654904785156250e+03, 7.2645037841796875e+02,
       9.9488696289062500e+02, 7.4136578369140625e+02,
       9.2380407714843750e+02, 7.5612512207031250e+02,
       8.5252929687500000e+02, 7.7093383789062500e+02,
       7.8159521484375000e+02, 7.8572326660156250e+02,
       7.1024475097656250e+02, 8.0039807128906250e+02,
       6.3887359619140625e+02, 8.1542926025390625e+02,
       5.6764056396484375e+02, 8.3008734130859375e+02,
       1.1946147460937500e+03, 6.2815356445312500e+02,
       1.1235269775390625e+03, 6.4317559814453125e+02,
       1.0520966796875000e+03, 6.5784057617187500e+02,
       9.8093560791015625e+02, 6.7253118896484375e+02,
       9.0934838867187500e+02, 6.8753973388671875e+02,
       8.3750811767578125e+02, 7.0236328125000000e+02,
       7.6627423095703125e+02, 7.1710894775390625e+02,
       6.9444110107421875e+02, 7.3214837646484375e+02,
       6.2248547363281250e+02, 7.4685156250000000e+02,
       5.5075921630859375e+02, 7.6183728027343750e+02,
       1.1821132812500000e+03, 5.5845367431640625e+02,
       1.1104425048828125e+03, 5.7335638427734375e+02,
       1.0383377685546875e+03, 5.8814514160156250e+02,
       9.6682458496093750e+02, 6.0292474365234375e+02,
       8.9492736816406250e+02, 6.1785314941406250e+02,
       8.2256970214843750e+02, 6.3280047607421875e+02,
       7.5065997314453125e+02, 6.4765594482421875e+02,
       6.7836145019531250e+02, 6.6250714111328125e+02,
       6.0595776367187500e+02, 6.7745922851562500e+02,
       5.3378155517578125e+02, 6.9241595458984375e+02,
       1.1695153808593750e+03, 4.8763156127929688e+02,
       1.0972027587890625e+03, 5.0250738525390625e+02,
       1.0246762695312500e+03, 5.1744055175781250e+02,
       9.5241009521484375e+02, 5.3213830566406250e+02,
       8.7994989013671875e+02, 5.4720971679687500e+02,
       8.0724847412109375e+02, 5.6235321044921875e+02,
       7.3475469970703125e+02, 5.7693035888671875e+02,
       6.6208666992187500e+02, 5.9206152343750000e+02,
       5.8918615722656250e+02, 6.0718725585937500e+02,
       5.1655279541015625e+02, 6.2198980712890625e+02,
       1.1564307861328125e+03, 4.1549148559570312e+02,
       1.0836033935546875e+03, 4.3064440917968750e+02,
       1.0106277465820312e+03, 4.4536120605468750e+02,
       9.3807958984375000e+02, 4.6030377197265625e+02,
       8.6505926513671875e+02, 4.7533413696289062e+02,
