%YAML:1.0
cameraMatrix: !!opencv-matrix
   rows: 3
   cols: 3
   dt: d
   data: [ 5.2130616809727576e+02, 0., 3.2078999098083034e+02, 0.,
       5.2214715622050130e+02, 2.4651348251188887e+02, 0., 0., 1. ]
imageSize_width: 640
imageSize_height: 480
sensorSize_width: 0
sensorSize_height: 0
distCoeffs: !!opencv-matrix
   rows: 5
   cols: 1
   dt: d
   data: [ 2.3204267876053261e-01, -7.9441879431641471e-01,
       8.4606245672947213e-04, -2.1320591232216390e-03,
       1.1809459201141050e+00 ]
reprojectionError: 1.3501228392124176e-01
features:
   - { points:[ 1.1824805450439453e+02, 2.1874884033203125e+02,
       1.3666188049316406e+02, 2.1907357788085938e+02,
       1.5535205078125000e+02, 2.1949005126953125e+02,
       1.7406668090820312e+02, 2.1976455688476562e+02,
       1.9271432495117188e+02, 2.1992428588867188e+02,
       2.1142338562011719e+02, 2.2051400756835938e+02,
       2.3028733825683594e+02, 2.2075871276855469e+02,
       2.4875755310058594e+02, 2.2131845092773438e+02,
       2.6771475219726562e+02, 2.2165609741210938e+02,
       2.8582876586914062e+02, 2.2200973510742188e+02,
       1.2225571441650391e+02, 2.3459703063964844e+02,
       1.4052868652343750e+02, 2.3513496398925781e+02,
       1.5874557495117188e+02, 2.3533497619628906e+02,
       1.7731246948242188e+02, 2.3580577087402344e+02,
       1.9546994018554688e+02, 2.3607608032226562e+02,
       2.1407369995117188e+02, 2.3654785156250000e+02,
       2.3217581176757812e+02, 2.3691679382324219e+02,
       2.5050404357910156e+02, 2.3734614562988281e+02,
       2.6873785400390625e+02, 2.3750975036621094e+02,
       2.8728445434570312e+02, 2.3792442321777344e+02,
       1.2628839874267578e+02, 2.4982212829589844e+02,
       1.4411236572265625e+02, 2.5016040039062500e+02,
       1.6242848205566406e+02, 2.5086241149902344e+02,
       1.8017022705078125e+02, 2.5122552490234375e+02,
       1.9822184753417969e+02, 2.5147721862792969e+02,
       2.1621652221679688e+02, 2.5200779724121094e+02,
       2.3427563476562500e+02, 2.5210421752929688e+02,
       2.5207565307617188e+02, 2.5271585083007812e+02,
       2.7023568725585938e+02, 2.5286311340332031e+02,
       2.8801199340820312e+02, 2.5351795959472656e+02,
       1.3012731933593750e+02, 2.6482217407226562e+02,
       1.4777859497070312e+02, 2.6534197998046875e+02,
       1.6546804809570312e+02, 2.6576043701171875e+02,
       1.8320492553710938e+02, 2.6598983764648438e+02,
       2.0087162780761719e+02, 2.6617987060546875e+02,
       2.1852098083496094e+02, 2.6662704467773438e+02,
       2.3602372741699219e+02, 2.6720443725585938e+02,
       2.5384904479980469e+02, 2.6734680175781250e+02,
       2.7140478515625000e+02, 2.6773950195312500e+02,
       2.8905401611328125e+02, 2.6802648925781250e+02,
       1.3375035095214844e+02, 2.7930838012695312e+02,
       1.5126406860351562e+02, 2.7949880981445312e+02,
       1.6846112060546875e+02, 2.7988189697265625e+02,
       1.8573497009277344e+02, 2.7992849731445312e+02,
       2.0321029663085938e+02, 2.8057739257812500e+02,
       2.2066554260253906e+02, 2.8085821533203125e+02,
       2.3817118835449219e+02, 2.8114187622070312e+02,
       2.5531854248046875e+02, 2.8168774414062500e+02,
       2.7247760009765625e+02, 2.8186395263671875e+02,
       2.8974362182617188e+02, 2.8220431518554688e+02,
       1.3745561218261719e+02, 2.9293560791015625e+02,
       1.5436827087402344e+02, 2.9333163452148438e+02,
       1.7145579528808594e+02, 2.9374148559570312e+02,
       1.8855197143554688e+02, 2.9397424316406250e+02,
       2.0552659606933594e+02, 2.9420321655273438e+02,
       2.2254530334472656e+02, 2.9469259643554688e+02,
       2.3953794860839844e+02, 2.9508721923828125e+02,
       2.5650256347656250e+02, 2.9538308715820312e+02,
       2.7358489990234375e+02, 2.9591204833984375e+02,
       2.9054974365234375e+02, 2.9601544189453125e+02,
       1.4057588195800781e+02, 3.0620281982421875e+02,
       1.5750393676757812e+02, 3.0663739013671875e+02,
       1.7433308410644531e+02, 3.0692584228515625e+02,
       1.9116723632812500e+02, 3.0748095703125000e+02,
       2.0777107238769531e+02, 3.0776486206054688e+02,
       2.2450686645507812e+02, 3.0780346679687500e+02,
       2.4110815429687500e+02, 3.0815093994140625e+02,
       2.5788519287109375e+02, 3.0863607788085938e+02,
       2.7456072998046875e+02, 3.0911163330078125e+02,
       2.9143597412109375e+02, 3.0965911865234375e+02 ] }
   - { points:[ 3.7678021240234375e+02, 2.7371813964843750e+02,
       3.6030282592773438e+02, 2.7725836181640625e+02,
       3.4389016723632812e+02, 2.8079397583007812e+02,
       3.2751177978515625e+02, 2.8432119750976562e+02,
       3.1091058349609375e+02, 2.8786315917968750e+02,
       2.9454257202148438e+02, 2.9155709838867188e+02,
       2.7801040649414062e+02, 2.9511428833007812e+02,
       2.6139431762695312e+02, 2.9865069580078125e+02,
       2.4461587524414062e+02, 3.0240753173828125e+02,
       2.2763301086425781e+02, 3.0611712646484375e+02,
       3.7369509887695312e+02, 2.5772933959960938e+02,
       3.5715841674804688e+02, 2.6126638793945312e+02,
       3.4065194702148438e+02, 2.6490121459960938e+02,
       3.2436727905273438e+02, 2.6838095092773438e+02,
       3.0741137695312500e+02, 2.7173089599609375e+02,
       2.9088339233398438e+02, 2.7560272216796875e+02,
       2.7437420654296875e+02, 2.7932183837890625e+02,
       2.5740539550781250e+02, 2.8272915649414062e+02,
       2.4070661926269531e+02, 2.8649908447265625e+02,
       2.2371876525878906e+02, 2.9004315185546875e+02,
       3.7068377685546875e+02, 2.4152737426757812e+02,
       3.5387490844726562e+02, 2.4507160949707031e+02,
       3.3717514038085938e+02, 2.4870214843750000e+02,
       3.2063220214843750e+02, 2.5221824645996094e+02,
       3.0409704589843750e+02, 2.5576492309570312e+02,
       2.8724288940429688e+02, 2.5950106811523438e+02,
       2.7042218017578125e+02, 2.6293875122070312e+02,
       2.5364248657226562e+02, 2.6656384277343750e+02,
       2.3652148437500000e+02, 2.7023550415039062e+02,
       2.1963177490234375e+02, 2.7407543945312500e+02,
       3.6744781494140625e+02, 2.2509420776367188e+02,
       3.5072766113281250e+02, 2.2861454772949219e+02,
       3.3375830078125000e+02, 2.3236383056640625e+02,
       3.1723184204101562e+02, 2.3581555175781250e+02,
       3.0043765258789062e+02, 2.3966125488281250e+02,
       2.8342144775390625e+02, 2.4305825805664062e+02,
       2.6662588500976562e+02, 2.4663940429687500e+02,
       2.4964138793945312e+02, 2.5024069213867188e+02,
       2.3248686218261719e+02, 2.5406327819824219e+02,
       2.1539627075195312e+02, 2.5762661743164062e+02,
       3.6448138427734375e+02, 2.0846394348144531e+02,
       3.4738345336914062e+02, 2.1207788085937500e+02,
       3.3057284545898438e+02, 2.1583842468261719e+02,
       3.1357534790039062e+02, 2.1932408142089844e+02,
       2.9663003540039062e+02, 2.2280570983886719e+02,
       2.7963180541992188e+02, 2.2657849121093750e+02,
       2.6263867187500000e+02, 2.2998834228515625e+02,
       2.4551797485351562e+02, 2.3374592590332031e+02,
       2.2842466735839844e+02, 2.3735726928710938e+02,
       2.1097406005859375e+02, 2.4102342224121094e+02,
       3.6134396362304688e+02, 1.9131706237792969e+02,
       3.4401248168945312e+02, 1.9514300537109375e+02,
       3.2693063354492188e+02, 1.9876957702636719e+02,
       3.1008477783203125e+02, 2.0241026306152344e+02,
       2.9312695312500000e+02, 2.0594644165039062e+02,
       2.7581192016601562e+02, 2.0964631652832031e+02,
       2.5855255126953125e+02, 2.1350367736816406e+02,
       2.4136996459960938e+02, 2.1681025695800781e+02,
       2.2387068176269531e+02, 2.2041900634765625e+02,
       2.0646553039550781e+02, 2.2399360656738281e+02,
       3.5811682128906250e+02, 1.7388731384277344e+02,
       3.4067898559570312e+02, 1.7772994995117188e+02,
       3.2348074340820312e+02, 1.8154098510742188e+02,
       3.0639947509765625e+02, 1.8513488769531250e+02,
       2.8903665161132812e+02, 1.8876745605468750e+02,
