%YAML:1.0
cameraMatrix: !!opencv-matrix
   rows: 3
   cols: 3
   dt: d
   data: [ 1.6795103708375868e+03, 0., 9.4188303870234313e+02, 0.,
       1.6855510288408061e+03, 5.3248232654148558e+02, 0., 0., 1. ]
imageSize_width: 1920
imageSize_height: 1080
sensorSize_width: 0
sensorSize_height: 0
distCoeffs: !!opencv-matrix
   rows: 5
   cols: 1
   dt: d
   data: [ -2.2838044126601625e-01, 1.9006206419610180e-01,
       -2.8631112045225536e-03, 6.1898240984867986e-04,
       2.8695653756093487e-01 ]
reprojectionError: 1.8141804635524750e-01
features:
   - { points:[ 1.2515280761718750e+03, 6.0566748046875000e+02,
       1.1867785644531250e+03, 6.1100482177734375e+02,
       1.1217202148437500e+03, 6.1590533447265625e+02,
       1.0559965820312500e+03, 6.2085394287109375e+02,
       9.8969848632812500e+02, 6.2578710937500000e+02,
       9.2259057617187500e+02, 6.3066729736328125e+02,
       8.5593060302734375e+02, 6.3539721679687500e+02,
       7.8851763916015625e+02, 6.4016705322265625e+02,
       7.2162915039062500e+02, 6.4478332519531250e+02,
       6.5469238281250000e+02, 6.4921112060546875e+02,
       1.2423995361328125e+03, 5.4307244873046875e+02,
       1.1786752929687500e+03, 5.4772369384765625e+02,
       1.1139155273437500e+03, 5.5254467773437500e+02,
       1.0492192382812500e+03, 5.5697387695312500e+02,
       9.8332141113281250e+02, 5.6175769042968750e+02,
       9.1731372070312500e+02, 5.6648693847656250e+02,
       8.5110729980468750e+02, 5.7094982910156250e+02,
       7.8483874511718750e+02, 5.7543823242187500e+02,
       7.1829821777343750e+02, 5.8000671386718750e+02,
       6.5251965332031250e+02, 5.8465466308593750e+02,
       1.2336182861328125e+03, 4.8190280151367188e+02,
       1.1703355712890625e+03, 4.8631338500976562e+02,
       1.1065657958984375e+03, 4.9057916259765625e+02,
       1.0423280029296875e+03, 4.9481350708007812e+02,
       9.7750030517578125e+02, 4.9935119628906250e+02,
       9.1198449707031250e+02, 5.0393228149414062e+02,
       8.4679602050781250e+02, 5.0830972290039062e+02,
       7.8109759521484375e+02, 5.1273779296875000e+02,
       7.1560736083984375e+02, 5.1732574462890625e+02,
       6.5029711914062500e+02, 5.2171765136718750e+02,
       1.2244989013671875e+03, 4.2241226196289062e+02,
       1.1622680664062500e+03, 4.2639752197265625e+02,
       1.0989542236328125e+03, 4.3051168823242188e+02,
       1.0356976318359375e+03, 4.3453546142578125e+02,
       9.7144531250000000e+02, 4.3874917602539062e+02,
       9.0703271484375000e+02, 4.4304898071289062e+02,
       8.4240411376953125e+02, 4.4729022216796875e+02,
       7.7776086425781250e+02, 4.5168692016601562e+02,
       7.1278900146484375e+02, 4.5597601318359375e+02,
       6.4864044189453125e+02, 4.6060580444335938e+02,
       1.2157501220703125e+03, 3.6433285522460938e+02,
       1.1539453125000000e+03, 3.6813916015625000e+02,
       1.0917436523437500e+03, 3.7181466674804688e+02,
       1.0289700927734375e+03, 3.7564166259765625e+02,
       9.6585180664062500e+02, 3.7962265014648438e+02,
       9.0195037841796875e+02, 3.8378759765625000e+02,
       8.3848315429687500e+02, 3.8784304809570312e+02,
       7.7431634521484375e+02, 3.9217984008789062e+02,
       7.1065417480468750e+02, 3.9652618408203125e+02,
       6.4695623779296875e+02, 4.0088717651367188e+02,
       1.2069055175781250e+03, 3.0785827636718750e+02,
       1.1461265869140625e+03, 3.1112979125976562e+02,
       1.0844067382812500e+03, 3.1468066406250000e+02,
       1.0226523437500000e+03, 3.1833251953125000e+02,
       9.6013159179687500e+02, 3.2211373901367188e+02,
       8.9735382080078125e+02, 3.2610385131835938e+02,
       8.3435772705078125e+02, 3.3007983398437500e+02,
       7.7148669433593750e+02, 3.3429199218750000e+02,
       7.0828222656250000e+02, 3.3846905517578125e+02,
       6.4569317626953125e+02, 3.4279824829101562e+02,
       1.1983498535156250e+03, 2.5268890380859375e+02,
       1.1379846191406250e+03, 2.5596003723144531e+02,
       1.0774030761718750e+03, 2.5899948120117188e+02,
       1.0162496948242188e+03, 2.6245645141601562e+02,
       9.5484118652343750e+02, 2.6617230224609375e+02,
       8.9261077880859375e+02, 2.6998205566406250e+02,
       8.3081427001953125e+02, 2.7367105102539062e+02,
       7.6845117187500000e+02, 2.7783090209960938e+02,
       7.0638818359375000e+02, 2.8205590820312500e+02,
       6.4441522216796875e+02, 2.8621945190429688e+02 ] }
   - { points:[ 1.4979350585937500e+03, 5.5042736816406250e+02,
       1.4451114501953125e+03, 5.5249517822265625e+02,
       1.3925144042968750e+03, 5.5420709228515625e+02,
       1.3399389648437500e+03, 5.5618457031250000e+02,
       1.2874715576171875e+03, 5.5791485595703125e+02,
       1.2347725830078125e+03, 5.5983959960937500e+02,
       1.1826160888671875e+03, 5.6139715576171875e+02,
       1.1304067382812500e+03, 5.6319628906250000e+02,
       1.0785667724609375e+03, 5.6493298339843750e+02,
       1.0270867919921875e+03, 5.6653179931640625e+02,
       1.4933370361328125e+03, 5.0055429077148438e+02,
       1.4412192382812500e+03, 5.0241244506835938e+02,
       1.3888697509765625e+03, 5.0445343017578125e+02,
       1.3370412597656250e+03, 5.0630551147460938e+02,
       1.2848702392578125e+03, 5.0827941894531250e+02,
       1.2328873291015625e+03, 5.0999444580078125e+02,
       1.1811413574218750e+03, 5.1196871948242188e+02,
       1.1295736083984375e+03, 5.1359710693359375e+02,
       1.0780168457031250e+03, 5.1553247070312500e+02,
       1.0272717285156250e+03, 5.1738922119140625e+02,
       1.4886685791015625e+03, 4.5160079956054688e+02,
       1.4369309082031250e+03, 4.5389025878906250e+02,
       1.3853520507812500e+03, 4.5558084106445312e+02,
       1.3339101562500000e+03, 4.5752593994140625e+02,
       1.2823820800781250e+03, 4.5945346069335938e+02,
       1.2308072509765625e+03, 4.6156729125976562e+02,
       1.1797431640625000e+03, 4.6336016845703125e+02,
       1.1285596923828125e+03, 4.6548098754882812e+02,
       1.0777216796875000e+03, 4.6740707397460938e+02,
       1.0272297363281250e+03, 4.6940200805664062e+02,
       1.4839293212890625e+03, 4.0413592529296875e+02,
       1.4329095458984375e+03, 4.0607623291015625e+02,
       1.3816503906250000e+03, 4.0811807250976562e+02,
       1.3308190917968750e+03, 4.1004617309570312e+02,
       1.2797377929687500e+03, 4.1221307373046875e+02,
       1.2288040771484375e+03, 4.1415020751953125e+02,
       1.1780985107421875e+03, 4.1621597290039062e+02,
       1.1275894775390625e+03, 4.1832818603515625e+02,
       1.0771113281250000e+03, 4.2035238647460938e+02,
       1.0273211669921875e+03, 4.2258233642578125e+02,
       1.4792564697265625e+03, 3.5718914794921875e+02,
       1.4285860595703125e+03, 3.5935522460937500e+02,
       1.3780676269531250e+03, 3.6132955932617188e+02,
       1.3276276855468750e+03, 3.6339263916015625e+02,
       1.2771772460937500e+03, 3.6539273071289062e+02,
       1.2266152343750000e+03, 3.6769921875000000e+02,
       1.1766593017578125e+03, 3.6978320312500000e+02,
       1.1264757080078125e+03, 3.7216494750976562e+02,
       1.0766517333984375e+03, 3.7437213134765625e+02,
       1.0272777099609375e+03, 3.7666366577148438e+02,
       1.4744096679687500e+03, 3.1164492797851562e+02,
       1.4243483886718750e+03, 3.1352349853515625e+02,
       1.3742031250000000e+03, 3.1593026733398438e+02,
       1.3244031982421875e+03, 3.1779449462890625e+02,
       1.2744494628906250e+03, 3.2012081909179688e+02,
       1.2245374755859375e+03, 3.2226141357421875e+02,
       1.1749226074218750e+03, 3.2447622680664062e+02,
       1.1254063720703125e+03, 3.2683694458007812e+02,
       1.0760894775390625e+03, 3.2931991577148438e+02,
       1.0273277587890625e+03, 3.3156356811523438e+02,
       1.4695330810546875e+03, 2.6667129516601562e+02,
       1.4199018554687500e+03, 2.6875320434570312e+02,
       1.3703758544921875e+03, 2.7085021972656250e+02,
       1.3209713134765625e+03, 2.7322094726562500e+02,
       1.2717366943359375e+03, 2.7531408691406250e+02,
