%YAML:1.0
cameraMatrix: !!opencv-matrix
   rows: 3
   cols: 3
   dt: d
   data: [ 5.2417202829559551e+02, 0., 3.1448779400575978e+02, 0.,
       5.2553364509146081e+02, 2.4614850199435983e+02, 0., 0., 1. ]
imageSize_width: 640
imageSize_height: 480
sensorSize_width: 0
sensorSize_height: 0
distCoeffs: !!opencv-matrix
   rows: 5
   cols: 1
   dt: d
   data: [ 2.4549259568744342e-01, -7.8276078207142119e-01,
       -6.6505613318970419e-04, -3.9082223967033735e-03,
       7.6195870854926706e-01 ]
reprojectionError: 1.0517857223749161e-01
features:
   - { points:[ 3.9517950439453125e+02, 2.2121113586425781e+02,
       3.7481472778320312e+02, 2.2277233886718750e+02,
       3.5456793212890625e+02, 2.2436557006835938e+02,
       3.3428375244140625e+02, 2.2593028259277344e+02,
       3.1378012084960938e+02, 2.2768095397949219e+02,
       2.9331045532226562e+02, 2.2934968566894531e+02,
       2.7243374633789062e+02, 2.3087400817871094e+02,
       2.5166334533691406e+02, 2.3252603149414062e+02,
       2.3046322631835938e+02, 2.3409248352050781e+02,
       2.0916531372070312e+02, 2.3561573791503906e+02,
       3.9230767822265625e+02, 2.0216735839843750e+02,
       3.7226052856445312e+02, 2.0382315063476562e+02,
       3.5225109863281250e+02, 2.0552499389648438e+02,
       3.3205871582031250e+02, 2.0713656616210938e+02,
       3.1184832763671875e+02, 2.0857051086425781e+02,
       2.9153555297851562e+02, 2.1011981201171875e+02,
       2.7120590209960938e+02, 2.1154579162597656e+02,
       2.5045690917968750e+02, 2.1312130737304688e+02,
       2.2964201354980469e+02, 2.1456008911132812e+02,
       2.0845863342285156e+02, 2.1625875854492188e+02,
       3.8943704223632812e+02, 1.8369371032714844e+02,
       3.6968438720703125e+02, 1.8539263916015625e+02,
       3.4966625976562500e+02, 1.8707054138183594e+02,
       3.2997454833984375e+02, 1.8841635131835938e+02,
       3.1002709960937500e+02, 1.8988407897949219e+02,
       2.8987551879882812e+02, 1.9151445007324219e+02,
       2.6958517456054688e+02, 1.9291792297363281e+02,
       2.4924588012695312e+02, 1.9441003417968750e+02,
       2.2842733764648438e+02, 1.9571429443359375e+02,
       2.0775190734863281e+02, 1.9708093261718750e+02,
       3.8672824096679688e+02, 1.6564224243164062e+02,
       3.6724459838867188e+02, 1.6735864257812500e+02,
       3.4750225830078125e+02, 1.6882115173339844e+02,
       3.2787777709960938e+02, 1.7028468322753906e+02,
       3.0816213989257812e+02, 1.7164741516113281e+02,
       2.8825762939453125e+02, 1.7315701293945312e+02,
       2.6814666748046875e+02, 1.7460562133789062e+02,
       2.4800984191894531e+02, 1.7590390014648438e+02,
       2.2745532226562500e+02, 1.7715032958984375e+02,
       2.0675190734863281e+02, 1.7850949096679688e+02,
       3.8435220336914062e+02, 1.4797668457031250e+02,
       3.6478613281250000e+02, 1.4950831604003906e+02,
       3.4532684326171875e+02, 1.5118980407714844e+02,
       3.2585855102539062e+02, 1.5245346069335938e+02,
       3.0632705688476562e+02, 1.5393182373046875e+02,
       2.8645190429687500e+02, 1.5529913330078125e+02,
       2.6652935791015625e+02, 1.5647882080078125e+02,
       2.4665110778808594e+02, 1.5775646972656250e+02,
       2.2643487548828125e+02, 1.5911856079101562e+02,
       2.0607290649414062e+02, 1.6032078552246094e+02,
       3.8165493774414062e+02, 1.3061602783203125e+02,
       3.6243347167968750e+02, 1.3201446533203125e+02,
       3.4320077514648438e+02, 1.3356863403320312e+02,
       3.2382159423828125e+02, 1.3505052185058594e+02,
       3.0439807128906250e+02, 1.3636318969726562e+02,
       2.8476031494140625e+02, 1.3756211853027344e+02,
       2.6537667846679688e+02, 1.3868911743164062e+02,
       2.4551931762695312e+02, 1.3996173095703125e+02,
       2.2544726562500000e+02, 1.4117396545410156e+02,
       2.0529692077636719e+02, 1.4232055664062500e+02,
       3.7919360351562500e+02, 1.1355722045898438e+02,
       3.6019277954101562e+02, 1.1501023101806641e+02,
       3.4083108520507812e+02, 1.1626974487304688e+02,
       3.2183477783203125e+02, 1.1767946624755859e+02,
       3.0256234741210938e+02, 119., 2.8341836547851562e+02,
       1.2026149749755859e+02, 2.6390606689453125e+02,
       1.2143388366699219e+02, 2.4416304016113281e+02,
       1.2258754730224609e+02, 2.2440361022949219e+02,
       1.2365942382812500e+02, 2.0450177001953125e+02,
       1.2486181640625000e+02 ] }
   - { points:[ 4.7892376708984375e+02, 2.1187651062011719e+02,
       4.6136010742187500e+02, 2.1310183715820312e+02,
       4.4406289672851562e+02, 2.1398884582519531e+02,
       4.2702111816406250e+02, 2.1511135864257812e+02,
       4.1008053588867188e+02, 2.1615705871582031e+02,
       3.9342840576171875e+02, 2.1706355285644531e+02,
       3.7714462280273438e+02, 2.1799255371093750e+02,
       3.6088293457031250e+02, 2.1894432067871094e+02,
       3.4494488525390625e+02, 2.1985040283203125e+02,
       3.2923757934570312e+02, 2.2067863464355469e+02,
       4.7751473999023438e+02, 1.9643374633789062e+02,
       4.6006314086914062e+02, 1.9765711975097656e+02,
       4.4284020996093750e+02, 1.9876098632812500e+02,
       4.2605700683593750e+02, 1.9987985229492188e+02,
       4.0933599853515625e+02, 2.0093902587890625e+02,
       3.9272503662109375e+02, 2.0200877380371094e+02,
       3.7658731079101562e+02, 2.0304505920410156e+02,
       3.6053445434570312e+02, 2.0401429748535156e+02,
       3.4469113159179688e+02, 2.0500088500976562e+02,
       3.2918612670898438e+02, 2.0591575622558594e+02,
       4.7597778320312500e+02, 1.8134878540039062e+02,
       4.5886190795898438e+02, 1.8257418823242188e+02,
       4.4175109863281250e+02, 1.8380413818359375e+02,
       4.2512283325195312e+02, 1.8491806030273438e+02,
       4.0847357177734375e+02, 1.8610421752929688e+02,
       3.9221383666992188e+02, 1.8738430786132812e+02,
       3.7615289306640625e+02, 1.8843034362792969e+02,
       3.6027133178710938e+02, 1.8950021362304688e+02,
       3.4456109619140625e+02, 1.9056683349609375e+02,
       3.2910494995117188e+02, 1.9145680236816406e+02,
       4.7457034301757812e+02, 1.6650234985351562e+02,
       4.5747326660156250e+02, 1.6773280334472656e+02,
       4.4080157470703125e+02, 1.6911634826660156e+02,
       4.2426556396484375e+02, 1.7031042480468750e+02,
       4.0781573486328125e+02, 1.7155279541015625e+02,
       3.9170202636718750e+02, 1.7303092956542969e+02,
       3.7575668334960938e+02, 1.7394300842285156e+02,
       3.5993023681640625e+02, 1.7523506164550781e+02,
       3.4430648803710938e+02, 1.7634651184082031e+02,
       3.2911486816406250e+02, 1.7739749145507812e+02,
       4.7329339599609375e+02, 1.5176527404785156e+02,
       4.5636401367187500e+02, 1.5340155029296875e+02,
       4.3975543212890625e+02, 1.5465757751464844e+02,
       4.2345571899414062e+02, 1.5582983398437500e+02,
       4.0727035522460938e+02, 1.5733663940429688e+02,
       3.9121295166015625e+02, 1.5855677795410156e+02,
       3.7540975952148438e+02, 1.5969129943847656e+02,
       3.5968515014648438e+02, 1.6094435119628906e+02,
       3.4421435546875000e+02, 1.6223356628417969e+02,
       3.2899374389648438e+02, 1.6338734436035156e+02,
       4.7199829101562500e+02, 1.3755209350585938e+02,
       4.5531454467773438e+02, 1.3905267333984375e+02,
       4.3876336669921875e+02, 1.4042810058593750e+02,
       4.2244467163085938e+02, 1.4173966979980469e+02,
       4.0645227050781250e+02, 1.4322839355468750e+02,
       3.9046258544921875e+02, 1.4450564575195312e+02,
       3.7505642700195312e+02, 1.4575006103515625e+02,
       3.5943875122070312e+02, 1.4716682434082031e+02,
       3.4410208129882812e+02, 1.4844761657714844e+02,
       3.2904818725585938e+02, 1.4950729370117188e+02,
       4.7052301025390625e+02, 1.2337126922607422e+02,
       4.5406634521484375e+02, 1.2471247863769531e+02,
       4.3768038940429688e+02, 1.2631609344482422e+02,
       4.2183752441406250e+02, 1.2775867462158203e+02,
       4.0572381591796875e+02, 1.2930244445800781e+02,
