%YAML:1.0
cameraMatrix: !!opencv-matrix
   rows: 3
   cols: 3
   dt: d
   data: [ 2.2319384296798858e+03, 0., 9.5583615834959721e+02, 0.,
       2.2380090248393371e+03, 5.3573810737715291e+02, 0., 0., 1. ]
imageSize_width: 1920
imageSize_height: 1080
sensorSize_width: 0
sensorSize_height: 0
distCoeffs: !!opencv-matrix
   rows: 5
   cols: 1
   dt: d
   data: [ -2.9493520595923736e-02, 1.0705530982046389e-01,
       -1.1233828047016547e-03, 6.0663211858870989e-04,
       9.8273313874484680e-01 ]
reprojectionError: 2.2532057762145996e-01
features:
   - { points:[ 1.5554620361328125e+02, 6.0475195312500000e+02,
       2.3258042907714844e+02, 6.0696557617187500e+02,
       3.0951220703125000e+02, 6.0906774902343750e+02,
       3.8633041381835938e+02, 6.1140161132812500e+02,
       4.6376113891601562e+02, 6.1345056152343750e+02,
       5.4145599365234375e+02, 6.1593817138671875e+02,
       6.1923950195312500e+02, 6.1817083740234375e+02,
       6.9756958007812500e+02, 6.2055200195312500e+02,
       7.7603894042968750e+02, 6.2280908203125000e+02,
       8.5500396728515625e+02, 6.2529553222656250e+02,
       1.7070016479492188e+02, 6.6915692138671875e+02,
       2.4627146911621094e+02, 6.7145556640625000e+02,
       3.2186685180664062e+02, 6.7350762939453125e+02,
       3.9737020874023438e+02, 6.7607531738281250e+02,
       4.7335513305664062e+02, 6.7834979248046875e+02,
       5.4970849609375000e+02, 6.8054754638671875e+02,
       6.2580926513671875e+02, 6.8315222167968750e+02,
       7.0275238037109375e+02, 6.8561248779296875e+02,
       7.8008715820312500e+02, 6.8790252685546875e+02,
       8.5721691894531250e+02, 6.9050903320312500e+02,
       1.8533491516113281e+02, 7.3125097656250000e+02,
       2.5952404785156250e+02, 7.3334082031250000e+02,
       3.3374795532226562e+02, 7.3561853027343750e+02,
       4.0809707641601562e+02, 7.3811700439453125e+02,
       4.8255419921875000e+02, 7.4035479736328125e+02,
       5.5766656494140625e+02, 7.4285253906250000e+02,
       6.3245733642578125e+02, 7.4537951660156250e+02,
       7.0794683837890625e+02, 7.4764984130859375e+02,
       7.8377966308593750e+02, 7.5028491210937500e+02,
       8.5964282226562500e+02, 7.5280786132812500e+02,
       1.9939913940429688e+02, 7.9068762207031250e+02,
       2.7232537841796875e+02, 7.9292706298828125e+02,
       3.4551177978515625e+02, 7.9520971679687500e+02,
       4.1832641601562500e+02, 7.9771337890625000e+02,
       4.9143716430664062e+02, 8.0011029052734375e+02,
       5.6537298583984375e+02, 8.0265405273437500e+02,
       6.3896337890625000e+02, 8.0531555175781250e+02,
       7.1290246582031250e+02, 8.0772698974609375e+02,
       7.8744293212890625e+02, 8.1050439453125000e+02,
       8.6186541748046875e+02, 8.1294989013671875e+02,
       2.1295852661132812e+02, 8.4839916992187500e+02,
       2.8471701049804688e+02, 8.5042803955078125e+02,
       3.5653439331054688e+02, 8.5276531982421875e+02,
       4.2818267822265625e+02, 8.5539196777343750e+02,
       5.0032495117187500e+02, 8.5793188476562500e+02,
       5.7269201660156250e+02, 8.6062622070312500e+02,
       6.4486273193359375e+02, 8.6313006591796875e+02,
       7.1787060546875000e+02, 8.6566772460937500e+02,
       7.9104968261718750e+02, 8.6844183349609375e+02,
       8.6420880126953125e+02, 8.7076861572265625e+02,
       2.2588806152343750e+02, 9.0406201171875000e+02,
       2.9655209350585938e+02, 9.0621081542968750e+02,
       3.6712985229492188e+02, 9.0850646972656250e+02,
       4.3760220336914062e+02, 9.1088360595703125e+02,
       5.0853619384765625e+02, 9.1362896728515625e+02,
       5.7973718261718750e+02, 9.1627514648437500e+02,
       6.5095275878906250e+02, 9.1900567626953125e+02,
       7.2240283203125000e+02, 9.2147418212890625e+02,
       7.9438769531250000e+02, 9.2413354492187500e+02,
       8.6634796142578125e+02, 9.2672351074218750e+02,
       2.3857473754882812e+02, 9.5793218994140625e+02,
       3.0807897949218750e+02, 9.6023345947265625e+02,
       3.7759817504882812e+02, 9.6245831298828125e+02,
       4.4689080810546875e+02, 9.6510534667968750e+02,
       5.1664135742187500e+02, 9.6782916259765625e+02,
       5.8675268554687500e+02, 9.7040295410156250e+02,
       6.5669909667968750e+02, 9.7301354980468750e+02,
       7.2708770751953125e+02, 9.7544342041015625e+02,
       7.9777081298828125e+02, 9.7821142578125000e+02,
       8.6853240966796875e+02, 9.8133502197265625e+02 ] }
   - { points:[ 1.8341540527343750e+02, 4.4643554687500000e+02,
       2.1556484985351562e+02, 4.3150854492187500e+02,
       2.4887301635742188e+02, 4.1628387451171875e+02,
       2.8306185913085938e+02, 4.0063336181640625e+02,
       3.1848135375976562e+02, 3.8412472534179688e+02,
       3.5554812622070312e+02, 3.6688751220703125e+02,
       3.9362045288085938e+02, 3.4944757080078125e+02,
       4.3348693847656250e+02, 3.3086608886718750e+02,
       4.7473361206054688e+02, 3.1178204345703125e+02,
       5.1767095947265625e+02, 2.9199038696289062e+02,
       1.8970625305175781e+02, 5.0577426147460938e+02,
       2.2216217041015625e+02, 4.9177972412109375e+02,
       2.5564036560058594e+02, 4.7766891479492188e+02,
       2.9015039062500000e+02, 4.6288397216796875e+02,
       3.2600759887695312e+02, 4.4757916259765625e+02,
       3.6317974853515625e+02, 4.3158746337890625e+02,
       4.0146389770507812e+02, 4.1527511596679688e+02,
       4.4146047973632812e+02, 3.9785009765625000e+02,
       4.8302944946289062e+02, 3.8006741333007812e+02,
       5.2643713378906250e+02, 3.6169207763671875e+02,
       1.9589813232421875e+02, 5.6544567871093750e+02,
       2.2859320068359375e+02, 5.5252069091796875e+02,
       2.6236941528320312e+02, 5.3925048828125000e+02,
       2.9714358520507812e+02, 5.2559295654296875e+02,
       3.3321093750000000e+02, 5.1145443725585938e+02,
       3.7073580932617188e+02, 4.9659063720703125e+02,
       4.0941714477539062e+02, 4.8142999267578125e+02,
       4.4984152221679688e+02, 4.6532302856445312e+02,
       4.9185748291015625e+02, 4.4886978149414062e+02,
       5.3560900878906250e+02, 4.3155038452148438e+02,
       2.0223022460937500e+02, 6.2537487792968750e+02,
       2.3518232727050781e+02, 6.1363153076171875e+02,
       2.6914941406250000e+02, 6.0127508544921875e+02,
       3.0425140380859375e+02, 5.8872943115234375e+02,
       3.4056716918945312e+02, 5.7571118164062500e+02,
       3.7848986816406250e+02, 5.6197460937500000e+02,
       4.1748690795898438e+02, 5.4801080322265625e+02,
       4.5823251342773438e+02, 5.3330920410156250e+02,
       5.0050210571289062e+02, 5.1794940185546875e+02,
       5.4475109863281250e+02, 5.0224627685546875e+02,
       2.0851306152343750e+02, 6.8580407714843750e+02,
       2.4169360351562500e+02, 6.7497637939453125e+02,
       2.7605163574218750e+02, 6.6391735839843750e+02,
       3.1137310791015625e+02, 6.5249420166015625e+02,
       3.4794943237304688e+02, 6.4050878906250000e+02,
       3.8609246826171875e+02, 6.2797589111328125e+02,
       4.2555419921875000e+02, 6.1530920410156250e+02,
       4.6667379760742188e+02, 6.0180975341796875e+02,
       5.0944021606445312e+02, 5.8780633544921875e+02,
       5.5399597167968750e+02, 5.7350970458984375e+02,
       2.1478237915039062e+02, 7.4688531494140625e+02,
       2.4826423645019531e+02, 7.3715887451171875e+02,
       2.8298248291015625e+02, 7.2699963378906250e+02,
       3.1856594848632812e+02, 7.1677337646484375e+02,
       3.5558108520507812e+02, 7.0588574218750000e+02,
       3.9395413208007812e+02, 6.9470330810546875e+02,
       4.3378149414062500e+02, 6.8317089843750000e+02,
       4.7522152709960938e+02, 6.7105108642578125e+02,
       5.1851855468750000e+02, 6.5841607666015625e+02,
       5.6316070556640625e+02, 6.4549987792968750e+02,
       2.2125645446777344e+02, 8.0862359619140625e+02,
       2.5495118713378906e+02, 7.9993365478515625e+02,
       2.8987432861328125e+02, 7.9087817382812500e+02,
       3.2580340576171875e+02, 7.8176483154296875e+02,
       3.6322317504882812e+02, 7.7213940429687500e+02,
